6234952
6234944
636536
23360424
11651104
22546000
11651696
11651105
11641986
11641978
11641968
6234928
6234936
11655480
11661960
3457672
22891432
22713560
13170552
6381936
6377424
11651698
11651120
6160512
6160520
653400
11662944
11655482
11661962
6376752
11664680
6402104
24421264
24431424
24421216
23675920
9513096
10706856
6364888
24421232
672
24441696
9583352
656696
10179504
104863216
637656
655704
11662946
107302800
105251296
104872736
104872576
104872208
104871824
104871264
104870960
104867808
104866656
104866224
104865792
104865248
104864400
104863936
104863872
104863392
104863344
104863088
113048432
104876976
104876272
104872144
104871728
104867936
104866496
104865760
105254128
104876496
104874352
114250848
149845776
109306800
24455248
161601376
105746000
19544496
19161200
154627424
138040080
10243784
24454912
24459600
160423024
160312384
24454736
11666816
6377480
24421248
24455200
140440192
9513392
162343568
104873088
24459584
24421184
153467488
6376872
24446384
159668032
24455280
24454864
12575920
24446608
117054048
6365360
161601600
6365248
171728880
3460296
161356320
24454816
104866352
24431552
24421200
11666848
24421648
152984528
24421696
391544
5487944
5487928
6425336
581320
107128048
167475296
3460304
121887920
145824864
24421680
154830736
157802640
160860784
160860432
9513360
24431920
10181896
147110160
24421664
24455216
19033088
11626568
137141488
24421280
132632224
27280360
27280352
173376
173432
173416
173408
173384
115872
10132496
10132488
24458704
145572336
24431488
24461280
24421456
148788992
139177376
24454656
157689952
24421296
24028192
120649696
155125056
9513624
24454848
24431504
104863168
24455264
9576440
23677984
22982624
11894288
10498824
10491192
10132520
9821120
23784144
22982632
11881376
10313768
10253200
11664682
24421632
166179440
24420896
24421312
24446304
24459472
24446112
6381112
24446272
24463952
6376992
24431536
21081480
24458880
24445936
22393416
24461776
160051264
27280344
11666888
27280336
10506048
21081456
19018376
119722000
104871952
151511648
161162688
24432400
19033608
160745440
22588896
24445824
22111528
148572032
19033616
24421472
153941440
6372088
24454480
27336712
12863144
24465984
19171000
17374976
6368248
24431520
12863120
5829944
160860448
12985248
104866320
24440320
24466352
23822992
24446176
24454320
6366760
104866368
106012304
3325376
21081472
24441632
24077288
18392000
17149624
157974272
12863136
157605984
134577104
24459808
24454016
160937408
155199104
16965496
155116240
6160496
6160504
22120912
17852592
19032880
105196512
6398016
19033136
160216912
154385408
106193056
106192784
104877008
9513472
24461152
104872608
112356288
9513496
24440832
24437712
11666818
112113968
9513440
104866704
9513504
12985240
104868192
104865872
9513376
24440624
22588352
22113672
22120584
121285264
11666952
17171768
24431616
17762624
104867968
24461376
24431776
9513528
6372112
21865128
9513432
23820144
9523880
197752
118976976
4317008
6397984
60744
111783168
154628432
24454240
24455360
24461104
6455792
23702416
12863128
24421728
24421552
5830288
24431456
22111536
9513576
9513600
9513664
21822480
105254208
22646256
9513536
6388432
109177488
24458688
19033504
24421712
105969344
22111552
6398688
24077224
135562288
24461328
24461312
21084368
145761728
9513312
4825600
150416640
23819936
5487960
22653472
104873104
525592
24431856
9513304
17072096
22646264
21865160
113042880
9513552
24421744
24431472
9513488
4317104
24431680
24077176
9523144
9513632
23819952
109380144
9513560
22111544
106822928
22120576
129091408
111721696
4100264
24458752
160892224
9513456
402744
6291640
3153336
24461296
111194112
110774944
24458656
157903168
11667320
109287968
22935160
157823072
9513544
4100968
24432512
24079432
9512608
146001152
9513464
24461360
11666850
112631968
22935624
6291664
159396176
114249776
112498144
111426528
104866848
104856392
113042784
156842976
146378064
12283712
105825216
6390488
21082560
148660368
112441216
111917792
9512944
111198672
3152968
24458672
23702432
17072368
115886368
108336160
106033760
21084232
156902832
112547536
24460528
24460272
22937288
22646272
159090288
11516464
107981840
24459616
111493968
106069248
24464144
24459824
24432096
21865080
146001120
108747232
107964208
104988096
3154616
24459504
17576184
157969056
154462896
112742384
111735088
111426608
111090480
110754080
109926048
106878688
106411808
156589616
149454368
114249504
111824160
111566128
108010080
106069312
9513592
6395616
6381088
24459040
24455456
24441104
24421760
22588416
22587280
155613824
150928208
111415392
10645688
10132528
9513672
158599920
151385568
