238 0.000000e+00 0.000000e+00
213 0.000000e+00 0.000000e+00
212 0.000000e+00 0.000000e+00
281 0.000000e+00 0.000000e+00
208 0.000000e+00 0.000000e+00
241 0.000000e+00 0.000000e+00
258 0.000000e+00 0.000000e+00
300 0.000000e+00 0.000000e+00
231 0.000000e+00 0.000000e+00
292 0.000000e+00 0.000000e+00
224 0.000000e+00 0.000000e+00
246 0.000000e+00 0.000000e+00
280 0.000000e+00 0.000000e+00
336 0.000000e+00 0.000000e+00
312 0.000000e+00 0.000000e+00
207 0.000000e+00 0.000000e+00
205 0.000000e+00 0.000000e+00
215 0.000000e+00 0.000000e+00
225 0.000000e+00 0.000000e+00
213 0.000000e+00 0.000000e+00
261 0.000000e+00 0.000000e+00
273 0.000000e+00 0.000000e+00
327 0.000000e+00 0.000000e+00
314 0.000000e+00 0.000000e+00
248 0.000000e+00 0.000000e+00
341 0.000000e+00 0.000000e+00
279 0.000000e+00 0.000000e+00
264 0.000000e+00 0.000000e+00
258 0.000000e+00 0.000000e+00
212 0.000000e+00 0.000000e+00
256 0.000000e+00 0.000000e+00
252 0.000000e+00 0.000000e+00
236 0.000000e+00 0.000000e+00
262 0.000000e+00 0.000000e+00
315 0.000000e+00 0.000000e+00
228 0.000000e+00 0.000000e+00
299 0.000000e+00 0.000000e+00
222 0.000000e+00 0.000000e+00
286 0.000000e+00 0.000000e+00
221 0.000000e+00 0.000000e+00
260 0.000000e+00 0.000000e+00
288 0.000000e+00 0.000000e+00
261 0.000000e+00 0.000000e+00
210 0.000000e+00 0.000000e+00
217 0.000000e+00 0.000000e+00
263 0.000000e+00 0.000000e+00
276 0.000000e+00 0.000000e+00
219 0.000000e+00 0.000000e+00
250 0.000000e+00 0.000000e+00
226 0.000000e+00 0.000000e+00
252 0.000000e+00 0.000000e+00
257 0.000000e+00 0.000000e+00
295 0.000000e+00 0.000000e+00
254 0.000000e+00 0.000000e+00
305 0.000000e+00 0.000000e+00
311 0.000000e+00 0.000000e+00
244 0.000000e+00 0.000000e+00
311 0.000000e+00 0.000000e+00
259 0.000000e+00 0.000000e+00
238 0.000000e+00 0.000000e+00
314 0.000000e+00 0.000000e+00
290 0.000000e+00 0.000000e+00
248 0.000000e+00 0.000000e+00
301 0.000000e+00 0.000000e+00
281 0.000000e+00 0.000000e+00
286 0.000000e+00 0.000000e+00
273 0.000000e+00 0.000000e+00
240 0.000000e+00 0.000000e+00
214 0.000000e+00 0.000000e+00
260 0.000000e+00 0.000000e+00
298 0.000000e+00 0.000000e+00
234 0.000000e+00 0.000000e+00
269 0.000000e+00 0.000000e+00
216 0.000000e+00 0.000000e+00
230 0.000000e+00 0.000000e+00
289 0.000000e+00 0.000000e+00
264 0.000000e+00 0.000000e+00
269 0.000000e+00 0.000000e+00
223 0.000000e+00 0.000000e+00
243 0.000000e+00 0.000000e+00
266 0.000000e+00 0.000000e+00
235 0.000000e+00 0.000000e+00
253 0.000000e+00 0.000000e+00
290 0.000000e+00 0.000000e+00
278 0.000000e+00 0.000000e+00
224 0.000000e+00 0.000000e+00
280 0.000000e+00 0.000000e+00
222 0.000000e+00 0.000000e+00
270 0.000000e+00 0.000000e+00
232 0.000000e+00 0.000000e+00
239 0.000000e+00 0.000000e+00
305 0.000000e+00 0.000000e+00
209 0.000000e+00 0.000000e+00
223 0.000000e+00 0.000000e+00
346 0.000000e+00 0.000000e+00
242 0.000000e+00 0.000000e+00
255 0.000000e+00 0.000000e+00
297 0.000000e+00 0.000000e+00
231 0.000000e+00 0.000000e+00
274 0.000000e+00 0.000000e+00
265 0.000000e+00 0.000000e+00
226 0.000000e+00 0.000000e+00
233 0.000000e+00 0.000000e+00
259 0.000000e+00 0.000000e+00
204 0.000000e+00 0.000000e+00
242 0.000000e+00 0.000000e+00
247 0.000000e+00 0.000000e+00
276 0.000000e+00 0.000000e+00
300 0.000000e+00 0.000000e+00
310 0.000000e+00 0.000000e+00
228 0.000000e+00 0.000000e+00
204 0.000000e+00 0.000000e+00
206 0.000000e+00 0.000000e+00
307 0.000000e+00 0.000000e+00
234 0.000000e+00 0.000000e+00
267 0.000000e+00 0.000000e+00
235 0.000000e+00 0.000000e+00
282 0.000000e+00 0.000000e+00
246 0.000000e+00 0.000000e+00
243 0.000000e+00 0.000000e+00
233 0.000000e+00 0.000000e+00
245 0.000000e+00 0.000000e+00
275 0.000000e+00 0.000000e+00
214 0.000000e+00 0.000000e+00
220 0.000000e+00 0.000000e+00
239 0.000000e+00 0.000000e+00
278 0.000000e+00 0.000000e+00
257 0.000000e+00 0.000000e+00
230 0.000000e+00 0.000000e+00
236 0.000000e+00 0.000000e+00
321 0.000000e+00 0.000000e+00
220 0.000000e+00 0.000000e+00
211 0.000000e+00 0.000000e+00
295 0.000000e+00 0.000000e+00
254 0.000000e+00 0.000000e+00
292 0.000000e+00 0.000000e+00
297 0.000000e+00 0.000000e+00
211 0.000000e+00 0.000000e+00
282 0.000000e+00 0.000000e+00
277 0.000000e+00 0.000000e+00
229 0.000000e+00 0.000000e+00
277 0.000000e+00 0.000000e+00
310 0.000000e+00 0.000000e+00
268 0.000000e+00 0.000000e+00
210 0.000000e+00 0.000000e+00
255 0.000000e+00 0.000000e+00
266 0.000000e+00 0.000000e+00
293 0.000000e+00 0.000000e+00
237 0.000000e+00 0.000000e+00
244 0.000000e+00 0.000000e+00
317 0.000000e+00 0.000000e+00
293 0.000000e+00 0.000000e+00
299 0.000000e+00 0.000000e+00
207 0.000000e+00 0.000000e+00
301 0.000000e+00 0.000000e+00
317 0.000000e+00 0.000000e+00
291 0.000000e+00 0.000000e+00
240 0.000000e+00 0.000000e+00
270 0.000000e+00 0.000000e+00
229 0.000000e+00 0.000000e+00
241 0.000000e+00 0.000000e+00
209 0.000000e+00 0.000000e+00
272 0.000000e+00 0.000000e+00
227 0.000000e+00 0.000000e+00
268 0.000000e+00 0.000000e+00
336 0.000000e+00 0.000000e+00
221 0.000000e+00 0.000000e+00
298 0.000000e+00 0.000000e+00
319 0.000000e+00 0.000000e+00
216 0.000000e+00 0.000000e+00
274 0.000000e+00 0.000000e+00
271 0.000000e+00 0.000000e+00
249 0.000000e+00 0.000000e+00
232 0.000000e+00 0.000000e+00
265 0.000000e+00 0.000000e+00
245 0.000000e+00 0.000000e+00
251 0.000000e+00 0.000000e+00
206 0.000000e+00 0.000000e+00
225 0.000000e+00 0.000000e+00
251 0.000000e+00 0.000000e+00
291 0.000000e+00 0.000000e+00
267 0.000000e+00 0.000000e+00
271 0.000000e+00 0.000000e+00
289 0.000000e+00 0.000000e+00
218 0.000000e+00 0.000000e+00
249 0.000000e+00 0.000000e+00
288 0.000000e+00 0.000000e+00
275 0.000000e+00 0.000000e+00
237 0.000000e+00 0.000000e+00
247 0.000000e+00 0.000000e+00
227 0.000000e+00 0.000000e+00
262 0.000000e+00 0.000000e+00
272 0.000000e+00 0.000000e+00
250 0.000000e+00 0.000000e+00
284 0.000000e+00 0.000000e+00
219 0.000000e+00 0.000000e+00
205 0.000000e+00 0.000000e+00
218 0.000000e+00 0.000000e+00
208 0.000000e+00 0.000000e+00
315 0.000000e+00 0.000000e+00
263 0.000000e+00 0.000000e+00
217 0.000000e+00 0.000000e+00
256 0.000000e+00 0.000000e+00
215 0.000000e+00 0.000000e+00
387 9.997550e-01 1.414040e+00
283 9.943180e-01 1.410190e+00
296 9.743720e-01 1.395974e+00
283 9.715050e-01 1.393919e+00
287 9.695200e-01 1.392494e+00
285 9.586450e-01 1.384662e+00
395 9.381690e-01 1.369795e+00
294 9.331480e-01 1.366125e+00
364 9.240130e-01 1.359421e+00
285 9.224070e-01 1.358239e+00
253 9.153930e-01 1.353065e+00
316 8.997840e-01 1.341480e+00
303 8.818880e-01 1.328072e+00
345 8.782770e-01 1.325351e+00
320 8.360870e-01 1.293126e+00
287 8.327230e-01 1.290522e+00
322 8.081240e-01 1.271317e+00
334 7.777050e-01 1.247161e+00
332 7.714110e-01 1.242104e+00
313 7.658920e-01 1.237653e+00
325 7.644770e-01 1.236509e+00
372 7.491550e-01 1.224055e+00
309 7.099230e-01 1.191573e+00
304 6.966470e-01 1.180379e+00
303 6.856750e-01 1.171047e+00
388 6.755470e-01 1.162366e+00
383 6.705490e-01 1.158058e+00
309 6.638590e-01 1.152267e+00
393 6.226990e-01 1.115974e+00
362 6.179170e-01 1.111681e+00
328 6.094880e-01 1.104072e+00
376 6.059690e-01 1.100881e+00
320 6.013560e-01 1.096682e+00
306 5.792980e-01 1.076381e+00
326 5.549750e-01 1.053542e+00
367 5.263960e-01 1.026057e+00
279 5.203650e-01 1.020162e+00
284 5.173270e-01 1.017179e+00
304 5.156800e-01 1.015559e+00
359 5.112750e-01 1.011212e+00
334 5.084110e-01 1.008376e+00
333 5.018370e-01 1.001835e+00
330 4.830960e-01 9.829507e-01
306 4.804530e-01 9.802582e-01
352 4.680220e-01 9.674937e-01
338 4.275680e-01 9.247356e-01
319 4.265120e-01 9.235930e-01
329 4.233000e-01 9.201087e-01
307 4.211800e-01 9.178017e-01
308 8.200555e-01 9.076884e-01
379 4.091010e-01 9.045452e-01
381 3.983890e-01 8.926243e-01
337 3.966840e-01 8.907121e-01
335 3.894510e-01 8.825542e-01
362 3.881640e-01 8.810948e-01
378 3.827400e-01 8.749171e-01
339 3.795120e-01 8.712199e-01
374 3.793570e-01 8.710419e-01
369 3.673460e-01 8.571417e-01
335 3.636580e-01 8.528283e-01
313 3.527340e-01 8.399214e-01
338 3.522080e-01 8.392949e-01
324 3.393210e-01 8.237973e-01
326 3.369130e-01 8.208690e-01
343 3.138760e-01 7.923080e-01
348 3.096950e-01 7.870134e-01
318 2.893850e-01 7.607693e-01
371 2.804440e-01 7.489246e-01
341 2.767430e-01 7.439664e-01
312 2.723900e-01 7.380921e-01
348 2.629610e-01 7.252048e-01
340 2.550130e-01 7.141610e-01
340 2.540730e-01 7.128436e-01
344 2.419670e-01 6.956536e-01
377 2.370970e-01 6.886175e-01
325 4.682840e-01 6.868432e-01
353 2.347760e-01 6.852387e-01
327 2.140740e-01 6.543302e-01
324 2.102910e-01 6.485229e-01
302 9.886734e-01 6.369713e-01
360 4.139850e-01 6.231236e-01
294 9.379150e-01 6.134987e-01
359 1.874120e-01 6.122287e-01
296 9.009180e-01 6.051190e-01
347 1.717600e-01 5.861058e-01
351 1.716730e-01 5.859573e-01
330 1.674540e-01 5.787123e-01
321 1.634100e-01 5.716817e-01
349 1.606190e-01 5.667786e-01
361 1.576180e-01 5.614588e-01
302 9.116788e-01 5.423189e-01
329 1.456050e-01 5.396388e-01
316 9.001982e-01 5.277761e-01
332 1.389040e-01 5.270749e-01
351 1.357760e-01 5.211065e-01
350 1.322000e-01 5.141984e-01
352 1.264830e-01 5.029572e-01
350 1.263210e-01 5.026351e-01
308 9.404514e-01 4.974060e-01
323 7.219472e-01 4.859613e-01
331 5.920782e-01 4.801190e-01
337 1.094940e-01 4.679615e-01
318 5.302708e-01 4.655956e-01
355 2.655860e-01 4.623084e-01
368 8.733336e-01 4.611963e-01
322 6.297448e-01 4.464155e-01
343 9.851700e-02 4.438851e-01
339 9.613700e-02 4.384906e-01
385 1.973490e-01 4.169732e-01
328 4.975005e-01 4.158685e-01
347 8.465000e-02 4.114608e-01
357 7.838700e-02 3.959470e-01
323 8.031599e-01 3.920762e-01
349 7.579900e-02 3.893559e-01
333 4.069074e-01 3.845505e-01
366 2.085630e-01 3.753589e-01
397 5.867530e-01 3.613573e-01
377 1.344580e-01 3.581849e-01
331 6.309511e-01 3.539671e-01
345 7.572945e-01 3.464776e-01
382 2.737875e-01 3.413843e-01
394 5.240694e-01 3.324063e-01
358 3.855925e-01 3.320608e-01
363 1.358830e-01 3.314081e-01
342 4.915691e-01 3.141774e-01
360 2.500990e-01 3.118626e-01
342 2.717255e-01 3.024464e-01
354 5.828225e-01 2.998685e-01
358 3.014350e-01 2.880304e-01
364 4.062685e-01 2.504754e-01
344 4.596322e-01 2.443213e-01
373 3.011363e-01 2.433312e-01
366 2.739000e-02 2.340513e-01
346 1.870150e-01 2.251433e-01
365 2.993028e-01 2.244297e-01
379 1.735615e-01 2.199268e-01
353 2.115287e-01 2.193252e-01
361 9.089200e-02 2.136630e-01
354 3.534581e-01 2.026787e-01
357 1.467763e-01 1.776654e-01
370 2.889333e-01 1.743780e-01
368 6.505050e-01 1.703945e-01
356 7.080375e-02 1.697241e-01
355 1.061748e-01 1.695744e-01
356 2.029360e-01 1.517530e-01
367 9.068250e-02 1.385326e-01
380 1.020435e-01 1.378916e-01
371 1.161865e-01 1.356710e-01
365 1.701113e-01 1.263897e-01
369 1.780697e-01 1.238479e-01
363 4.562424e-01 1.068665e-01
384 1.557488e-01 9.942456e-02
382 1.631195e-01 9.937365e-02
370 9.284738e-02 9.842088e-02
392 3.078884e-01 8.983014e-02
375 1.909643e-01 8.684802e-02
389 2.661654e-01 8.339322e-02
373 1.071260e-01 6.767017e-02
390 2.777982e-01 6.502622e-02
372 2.368137e-01 6.376318e-02
374 4.420246e-01 6.089384e-02
398 2.106592e-01 5.406285e-02
386 6.021383e-02 3.690831e-02
384 1.454962e-01 1.914274e-02
406 7.731478e-01 1.348356e-02
376 1.720383e-01 -1.215186e-02
375 1.752869e-01 -2.281990e-02
378 1.089804e-01 -2.978178e-02
388 3.747042e-01 -3.461557e-02
381 1.489168e-01 -4.556019e-02
389 2.527499e-01 -6.513263e-02
380 1.758272e-01 -7.917575e-02
385 2.035011e-01 -8.658453e-02
394 8.052167e-02 -1.002266e-01
391 1.116516e-01 -1.360390e-01
391 1.296289e-01 -1.468141e-01
383 1.030994e-01 -1.701276e-01
387 1.329912e-01 -1.729322e-01
396 1.461216e-01 -2.140715e-01
393 1.772314e-01 -2.272265e-01
386 1.058848e-01 -2.612531e-01
398 1.179773e-01 -2.707804e-01
395 7.734605e-02 -3.508251e-01
390 1.779500e-01 -3.807370e-01
403 2.263946e-01 -4.167867e-01
402 2.341585e-01 -5.111252e-01
392 1.354909e-01 -5.388646e-01
396 7.130746e-02 -5.868003e-01
397 1.705433e-01 -5.874203e-01
400 5.414471e-02 -7.809371e-01
399 4.956596e-02 -8.552620e-01
399 4.982553e-02 -9.124266e-01
401 7.800613e-02 -9.187351e-01
404 1.405862e-01 -1.178307e+00
400 5.871375e-02 -1.593567e+00
401 4.016228e-02 -1.771574e+00
402 6.965442e-02 -2.022653e+00
403 3.389735e-02 -2.865006e+00
404 7.422397e-02 -3.615215e+00
405 6.980089e-02 -4.397319e+00
405 4.847592e-02 -5.385569e+00
406 3.421427e-02 -9.265584e+00
-1 1.335212e-02 -1.654134e+01
